0 -> 33,7
1 -> 3,37,4,5
10 -> 15,21,23,31,32,36,45
11 -> 16,22,40,46
12 -> 14,36
13 -> 17
14 -> 46
15 -> 23,33,41,45
16 -> 27,40
17 -> 32,36,42
18 -> 23,35,42
19 -> 21,24,38
2 -> 28,43
20 -> 25
21 -> 31,38
22 -> 27,40
23 -> 35,38
24 -> 29,47
25 -> 40
27 -> 36
28 -> 38,42,44
29 -> 31,41,45
3 -> 21,26,28,32,33,6
30 -> 35
31 -> 36
32 -> 38,42,43
33 -> 36,42
34 -> 46
35 -> 39,41,46
38 -> 41
4 -> 20,25,26,28,31,46,5
42 -> 43
46 -> 47
5 -> 40
6 -> 22
7 -> 12,26,32,8
8 -> 18,21,35